project_id,2437817,2437816,2437815,2437814,2437813,2437812,2437811,2437810,2437809,2437808,2437807,2437806,2437805,2437804,2437803,2437802,2437801,2437799,2437798,2437796,2437795,2437794,2437793,2437792,2437791,2437790,2437789,2437788,2437787,2437786,2437785,2437784,2437783,2437782,2437781,2437780,2437779,2437778,2437777,2437776,2437775,2437774,2437773,2437772,2437771,2437770,2437769,2437768,2437767,2437766,2437765,2437764,2437763,2437762,2437761,2437760,2437759,2437758,2437757,2437756,2437755,2437754,2437753,2437752,2437751,2437750,2437749,2437748,2437747,2437746,2437744,2437743,2437742,2437741,2437740,2437739,2437738,2437737,2437736,2437735,2437734,2437733,2437732,2437731,2437730,2437728,2437727,2437726,2437725,2437724,2437723,2437722,2437721,2437720,2437719,2437718,2437717,2437716,2437715,2437714
2437817,0.9999999999999998,0.3162277660168379,0.5773502691896258,0.06108472217815261,0.4379278729628981,0.21520641166547097,0.1678362716593378,0.23385358667337128,0.8320502943378437,0.4999999999999999,0.25327787624014125,0.0,0.057353933467640436,0.37904902178945166,0.9999999999999998,0.816496580927726,0.1513068831672006,0.0,0.0,0.14433756729740646,0.21320071635561041,0.4999999999999999,0.2581988897471611,0.06411023387611511,0.11664236870396084,0.9999999999999998,0.16327512906904054,0.12309149097933274,0.2291746242570528,0.42874646285627205,0.6324555320336758,0.2340822943922611,0.5773502691896258,0.4999999999999999,0.9999999999999998,0.6324555320336758,0.0,0.0,0.0,0.9999999999999998,0.25445667890399126,0.31242528987421625,0.7071067811865475,0.4999999999999999,0.5345224838248487,0.45226701686664533,0.5337449961641162,0.1678362716593378,0.23904572186687872,0.0,0.13435367905729312,0.032207831320041534,0.0,0.4402254531628118,0.4347020162235988,0.13000869641607246,0.09527699174583822,0.0,0.8660254037844387,0.5856516070822727,0.25558282541117916,0.16195854391845627,0.22541740866685805,0.4999999999999999,0.4999999999999999,0.47628967220784013,0.4256282653793742,0.04374001654083713,0.47247711494397887,0.027030581318147916,0.22742941307367096,0.015022739102363004,0.0,0.5897678246195885,0.1601281538050871,0.13738701759630043,0.6804138174397717,0.0,0.28600627790670086,0.5443310539518172,0.816496580927726,0.45643546458763834,0.3007966831464335,0.7071067811865475,0.3162277660168379,0.7499999999999999,0.0,0.22450662753346862,0.588348405414552,0.0,0.3818155739753428,0.816496580927726,0.0,0.0,0.588348405414552,0.3646624787447363,0.35355339059327373,0.6040404496926219,0.3950328535881702,0.5897678246195885
2437816,0.3162277660168379,0.9999999999999999,0.36514837167011077,0.19316685232156394,0.3956712941244654,0.3694373180217044,0.31844693546056513,0.23241742005034202,0.08770580193070293,0.3162277660168379,0.350409049308977,0.0,0.03627381250550058,0.3835706411883073,0.3162277660168379,0.5163977794943223,0.20287313562300247,0.0,0.0,0.36514837167011077,0.13483997249264842,0.3162277660168379,0.0816496580927726,0.08109374414984355,0.07377111135633174,0.3162277660168379,0.15833852988894828,0.0778498944161523,0.43482827673933633,0.3796283011826483,0.39999999999999997,0.05551749076482039,0.36514837167011077,0.3162277660168379,0.3162277660168379,0.39999999999999997,0.0,0.0,0.0,0.3162277660168379,0.24139880135361907,0.3669623340094639,0.4472135954999579,0.3162277660168379,0.45074893585520875,0.3813850356982369,0.04822428221704121,0.15922346773028256,0.22677868380553637,0.0,0.14408419022546173,0.02037002109316776,0.0,0.5568460463897045,0.43203237777355513,0.24667415778249527,0.04820676840414581,0.0,0.18257418583505539,0.3210121189111166,0.1903816201483814,0.3869637355650876,0.42769946138415077,0.3162277660168379,0.3162277660168379,0.30123203803835463,0.3768673314407158,0.07953289436842868,0.19209906328219098,0.02051476882649854,0.1438389904456152,0.009501214451588101,0.0,0.4662524041201569,0.15191090506254998,0.08689117930838818,0.43033148291193524,0.0,0.3617725053169077,0.5163977794943222,0.5163977794943223,0.46188021535170054,0.35176550141108637,0.4472135954999579,0.3333333333333333,0.3162277660168379,0.2981423969999719,0.1987866419864727,0.3721042037676254,0.0,0.4171041879608233,0.5163977794943223,0.0,0.0,0.4961389383568338,0.4612656040144425,0.22360679774997896,0.12734290799340267,0.03569153051241248,0.5595028849441883
2437815,0.5773502691896258,0.36514837167011077,1.0000000000000002,0.03526728079292992,0.37925666301115424,0.4437481418085469,0.1938006332446037,0.2121671061978764,0.4803844614152615,0.2886751345948129,0.24371675004503718,0.0,0.0331133089266261,0.39391929857916774,0.5773502691896258,0.7071067811865477,0.20266840176623757,0.0,0.0,0.25000000000000006,0.12309149097933275,0.2886751345948129,0.37267799624996495,0.1053477114683725,0.06734350297014739,0.5773502691896258,0.10055140236798024,0.07106690545187017,0.2117024496099853,0.5445811486371709,0.7302967433402215,0.1689343445998715,0.8333333333333336,0.2886751345948129,0.5773502691896258,0.9128709291752769,0.0,0.5773502691896258,0.0,0.5773502691896258,0.26933615878091555,0.34787344862029945,0.8164965809277261,0.2886751345948129,0.5143444998736397,0.4351941398892446,0.30815781721396834,0.14535047493345277,0.2070196678027063,0.0,0.12141255564053967,0.018595200082640047,0.0,0.49562035358096523,0.3995117435622346,0.16850328869406728,0.05500819683203747,0.0,0.5000000000000001,0.33812611300028717,0.18691036319842663,0.17662397242121886,0.20823168251814145,0.2886751345948129,0.2886751345948129,0.35355339059327384,0.5406205059012895,0.1167965602494759,0.272784789498844,0.04369711752107736,0.306381676672686,0.0086733824647148,0.5773502691896258,0.5107539184552493,0.1386750490563073,0.07932043159238392,0.4714045207910318,0.0,0.3302516030787134,0.5499719409228704,0.7071067811865477,0.4743416490252569,0.32111650012494564,0.6531972647421809,0.36514837167011077,0.7216878364870323,0.2721655269759087,0.18146654657782446,0.566138517072298,0.2357022603955159,0.40080240802810124,0.7071067811865477,0.5773502691896258,0.0,0.566138517072298,0.42107596053325946,0.6123724356957946,0.3487429162314579,0.22807232435787614,0.5958795715311241
2437814,0.06108472217815261,0.19316685232156394,0.03526728079292992,1.0000000000000002,0.08789516520602611,0.17652963479271272,0.27681026469464515,0.0408139467780212,0.016941853689292432,0.12216944435630522,0.17211942183201726,0.0,0.6236139383217217,0.037046566700654676,0.06108472217815261,0.04987546680538166,0.043624783711418244,0.0,0.0,0.6524446946692035,0.10418645221412466,0.12216944435630522,0.06308802978765117,0.025906876996807975,0.03562533343241546,0.06108472217815261,0.12766228349163972,0.2255702858690136,0.18478770093992455,0.13618726455589325,0.03863337046431279,0.09651725045848666,0.03526728079292992,0.12216944435630522,0.06108472217815261,0.03863337046431279,0.0,0.0,0.0,0.06108472217815261,0.3005060337196968,0.14994895169096306,0.04319342127906801,0.12216944435630522,0.17413950625289043,0.07367094686837572,0.009315332801332623,0.11277455228300359,0.06466618382164872,0.0,0.041391610018434,0.12591401140131456,0.0,0.12369882771012781,0.10729843009138085,0.1805485967932654,0.24676666740042197,0.0,0.07053456158585984,0.22418602512733782,0.0791018431443291,0.15389410803879824,0.18175818912945035,0.12216944435630522,0.06108472217815261,0.1662515560179388,0.20799507473494475,0.09284667485665306,0.17316679981132818,0.007265084420585323,0.046308208375818345,0.0394593733101767,0.0,0.1260903130077535,0.14672075682126356,0.15585603058544956,0.06650062240717554,0.0,0.09783543855197464,0.14962640041614494,0.04987546680538166,0.17843989469818825,0.1421391235295278,0.06910947404650881,0.24467801294064767,0.06108472217815261,0.259160527674408,0.33461976926887643,0.1677157948139661,0.04987546680538166,0.19930647603637414,0.04987546680538166,0.0,0.0,0.14375639555482808,0.10692146977400978,0.04319342127906801,0.10659319104442719,0.04826094422535243,0.12609031300775353
2437813,0.4379278729628981,0.3956712941244654,0.37925666301115424,0.08789516520602611,1.0000000000000007,0.36928608434404914,0.46200114056672364,0.45144442489936076,0.12145933853250841,0.4379278729628981,0.5394020821172684,0.0,0.08252691143705788,0.3794197299678213,0.4379278729628981,0.510809444238797,0.45852959044960073,0.0,0.0,0.23477793424500024,0.1867330724555573,0.4379278729628981,0.33114086529447145,0.17493294822140026,0.26635063878165843,0.4379278729628981,0.4528506232126681,0.1078103896488219,0.4673999652939399,0.4452594914593747,0.47480555294935844,0.4301807660919159,0.37925666301115424,0.4379278729628981,0.4379278729628981,0.4154548588306886,0.0,0.03128056235449272,0.0,0.4379278729628981,0.4112433139002941,0.589162565307862,0.4644926529639993,0.4379278729628981,0.5963525119040938,0.47157222073258376,0.06678337453564048,0.27300067397124583,0.4603994094620044,0.0,0.36106319405943255,0.31030355538013926,0.0,0.6664921873043972,0.6082899992824559,0.4365526410084154,0.23723330334783285,0.0,0.34313698081961574,0.647289410338222,0.4089771314475823,0.4007890982557215,0.49640330485446443,0.4379278729628981,0.5317695600263762,0.5278364257134236,0.4420211976351319,0.12895401066916476,0.5447246089442281,0.07136288260340322,0.4221044495892012,0.043232614904860266,0.03128056235449272,0.6641376916567165,0.44078308558326496,0.43098218653920617,0.5278364257134236,0.0,0.5439433823580853,0.5959443516119297,0.510809444238797,0.6110794828637585,0.6178043608130072,0.5750861417649515,0.45502198824313517,0.45356815414014445,0.029491597013587254,0.36798914262561505,0.5275775774764395,0.22986424990745868,0.5993418218225438,0.510809444238797,0.03128056235449272,0.0,0.6011930534033846,0.7300382339019905,0.33178046640285663,0.5458476097026588,0.12003796957059726,0.6364652878376866
2437812,0.21520641166547097,0.3694373180217044,0.4437481418085469,0.17652963479271272,0.36928608434404914,0.9999999999999999,0.4437531417594408,0.2074696292061519,0.05968751938988211,0.21520641166547097,0.40555820610038734,0.0,0.0528982894991617,0.20509978927331726,0.21520641166547097,0.2761240417863428,0.23184294507330325,0.0,0.0,0.4703730303170596,0.11798270005216838,0.21520641166547097,0.3889623959094658,0.1634405954662292,0.0932366894343495,0.21520641166547097,0.28913434676158506,0.15894046848128934,0.4537426064865151,0.7592419566354771,0.21388476306519727,0.34723464456577613,0.47924799315323063,0.21520641166547097,0.21520641166547097,0.4861017342390847,0.0,0.43041282333094194,0.0,0.21520641166547097,0.36507139194160615,0.338923951228603,0.5434782608695652,0.21520641166547097,0.3724867270235862,0.407862239984646,0.0984560103161829,0.3921539392292733,0.20997621235491098,0.0,0.17348263898384633,0.2673513696566408,0.0,0.3857244561172538,0.3654748857551105,0.342433247119982,0.22730391911617678,0.0,0.2662488850851281,0.4489281603477457,0.1669299300936498,0.3529711411748103,0.4463036991443368,0.21520641166547097,0.21520641166547097,0.46439043391339463,0.7537201236674246,0.09749315291868403,0.3797440637491853,0.03024920293569372,0.47079724355920555,0.008313402280129974,0.43041282333094194,0.4260946722035876,0.3249142793632318,0.24980732174401601,0.26775664658069603,0.0,0.3569922317361717,0.41000236507669074,0.2761240417863428,0.38168531527841204,0.41492173941754457,0.4173913043478262,0.4342508825869157,0.4611565964260092,0.6376811594202899,0.29817421121783855,0.3858783973740724,0.20081748493552204,0.40551013825228277,0.2761240417863428,0.43041282333094194,0.0,0.3617609975381929,0.31839525427988835,0.5,0.2847473987257497,0.2047266355808248,0.3898312958458354
2437811,0.1678362716593378,0.31844693546056513,0.1938006332446037,0.27681026469464515,0.46200114056672364,0.4437531417594408,0.9999999999999999,0.4205262225152405,0.04654940641157278,0.2517544074890067,0.8307008988862538,0.0,0.2406517589551622,0.2799199682103469,0.1678362716593378,0.27407548393101266,0.3646690859934757,0.0,0.0,0.3391511081780565,0.1789140667411283,0.2517544074890067,0.04333513900174394,0.16967727991845724,0.20555661294825947,0.1678362716593378,0.5645118717034857,0.08263686767584087,0.7154269495927411,0.2878368312517019,0.2122979569737101,0.6924421796085936,0.1938006332446037,0.2517544074890067,0.1678362716593378,0.2122979569737101,0.0,0.0,0.0,0.1678362716593378,0.29183157862143166,0.6517082481054486,0.23735633163877065,0.2517544074890067,0.6429378690899678,0.45544085943233165,0.02559479147800367,0.23943661971830982,0.42986295765269966,0.0,0.3235351647960061,0.7676012104323842,0.0,0.4802576918645271,0.6104713047176323,0.6011680836975883,0.4221606858358294,0.0,0.3391511081780565,0.6094202097887261,0.2888335280156233,0.6856035139605869,0.7036978443422385,0.2517544074890067,0.1678362716593378,0.5253113442011076,0.3000306169312426,0.1358114840228396,0.7703311749037045,0.03992306550515796,0.3053672380476512,0.015128163126309324,0.0,0.6928910298015297,0.8196970258313343,0.6094038699193425,0.2283962366091772,0.0,0.6312292897185802,0.5024717205401898,0.27407548393101266,0.6588152690135877,0.70583177406893,0.2848275979665248,0.44228741036189606,0.1678362716593378,0.19779694303230885,0.4446281928707423,0.3291540093383166,0.3425943549137659,0.6990818443362723,0.27407548393101266,0.0,0.0,0.46081561307364327,0.44066585409529735,0.11867816581938533,0.6082793820470368,0.2273171702715002,0.5196682723511473
2437810,0.23385358667337128,0.23241742005034202,0.2121671061978764,0.0408139467780212,0.45144442489936076,0.2074696292061519,0.4205262225152405,0.9999999999999997,0.06485931520784635,0.23385358667337128,0.4889995623814928,0.0,0.03832120871781036,0.34443738185107076,0.23385358667337128,0.3000495990744895,0.5709911329329175,0.0,0.0,0.1060835530989382,0.0997155044021832,0.23385358667337128,0.0948840144095737,0.3713504168674014,0.20652764611620705,0.23385358667337128,0.5534640596292467,0.18916111230093358,0.4777460586112746,0.24636272107633175,0.3169328455231937,0.32258079928070615,0.2121671061978764,0.23385358667337128,0.23385358667337128,0.23241742005034202,0.0,0.0,0.0,0.23385358667337128,0.34853284108605753,0.42644219463065736,0.2598505751938437,0.23385358667337128,0.3154761904761904,0.22160131510697956,0.035662337634840974,0.19624557050711225,0.570425504464232,0.0,0.6346265826271517,0.11190276497270235,0.0,0.348553533951243,0.6875900042479312,0.5573587863585685,0.221535470115151,0.0,0.13501543121683043,0.2973917540899492,0.6102126244225109,0.4821494965548832,0.4699136253940829,0.23385358667337128,0.23385358667337128,0.32732683535398854,0.2445709684163934,0.1647560945321977,0.34951066392579816,0.09608221554494974,0.5521128620848046,0.06122868761871411,0.0,0.3447983027296065,0.1925822216299108,0.490450576056833,0.2909571869813231,0.0,0.6277503027432288,0.30004959907448947,0.3000495990744895,0.32326689916420154,0.5820784810368427,0.3779644730092272,0.22537446792760438,0.23385358667337128,0.0,0.5940190089124328,0.32758901147559943,0.1091089451179962,0.3014951268790951,0.3000495990744895,0.0,0.0,0.34069257193462343,0.39471359514013427,0.1653594569415369,0.24215490112528412,0.026394242761545818,0.3546496828075953
2437809,0.8320502943378437,0.08770580193070293,0.4803844614152615,0.016941853689292432,0.12145933853250841,0.05968751938988211,0.04654940641157278,0.06485931520784635,1.0000000000000002,0.1386750490563073,0.07024664382495784,0.0,0.015907119074394446,0.18923271008903103,0.8320502943378437,0.6793662204867575,0.041964978891537004,0.0,0.0,0.04003203845127179,0.059131239598908265,0.1386750490563073,0.21483446221182986,0.017780979655563196,0.03235077240413131,0.8320502943378437,0.05736020588442106,0.03413943709994595,0.06356160452261518,0.21404317236952236,0.5262348115842176,0.22722961560641844,0.4803844614152615,0.1386750490563073,0.8320502943378437,0.5262348115842176,0.0,0.0,0.0,0.8320502943378437,0.07057358485943205,0.11140866617075476,0.5883484054145521,0.1386750490563073,0.34591634777518054,0.29268470350248177,0.655580148378611,0.04654940641157278,0.06629935441317959,0.0,0.03726300606833098,0.008932845176608062,0.0,0.14651588715165131,0.1304066588370699,0.03605792470649082,0.047565149415449405,0.0,0.8807048459279794,0.24906014704892074,0.08978883415800706,0.044919218045960045,0.06251954041004443,0.1386750490563073,0.1386750490563073,0.28306925853614895,0.21248647409244853,0.012131297879048564,0.31824382302235993,0.007496934380629332,0.063077570029677,0.004166558163960591,0.0,0.3271443280438123,0.04441155916843275,0.03810430280973343,0.33968311024337877,0.0,0.07932386923824719,0.3019405424385589,0.6793662204867575,0.22786635759382498,0.09601859178376142,0.3530090432487313,0.08770580193070293,0.4853626716970755,0.0,0.11208048331201154,0.38074980525429486,0.0,0.14440443668588943,0.6793662204867575,0.0,0.0,0.38074980525429486,0.10113917425784186,0.09805806756909202,0.6142791526162006,0.48520491738741983,0.3271443280438123
2437808,0.4999999999999999,0.3162277660168379,0.2886751345948129,0.12216944435630522,0.4379278729628981,0.21520641166547097,0.2517544074890067,0.23385358667337128,0.1386750490563073,0.9999999999999998,0.3271505901435158,0.0,0.17206180040292132,0.30323921743156135,0.4999999999999999,0.408248290463863,0.1513068831672006,0.0,0.0,0.14433756729740646,0.8528028654224417,0.9999999999999998,0.12909944487358055,0.06411023387611511,0.11664236870396084,0.4999999999999999,0.15239012046443784,0.12309149097933274,0.27500954910846337,0.34299717028501764,0.3162277660168379,0.08778086039709791,0.2886751345948129,0.9999999999999998,0.4999999999999999,0.3162277660168379,0.0,0.0,0.0,0.4999999999999999,0.25445667890399126,0.29010919774034366,0.35355339059327373,0.9999999999999998,0.3563483225498991,0.3015113445777636,0.07624928516630232,0.2517544074890067,0.23904572186687872,0.0,0.13435367905729312,0.032207831320041534,0.0,0.4402254531628118,0.4879308345366925,0.13000869641607246,0.15244318679334115,0.0,0.2886751345948129,0.5075647261379697,0.2726216804385911,0.16195854391845627,0.2705008904002297,0.9999999999999998,0.4999999999999999,0.3402069087198858,0.3405026123034994,0.04374001654083713,0.3037352881782721,0.027030581318147916,0.22742941307367096,0.015022739102363004,0.0,0.4423258684646914,0.24019223070763066,0.13738701759630043,0.5443310539518174,0.0,0.28600627790670086,0.40824829046386296,0.408248290463863,0.36514837167011066,0.3575507743061379,0.565685424949238,0.42163702135578385,0.4999999999999999,0.2357022603955158,0.17960530202677488,0.39223227027636803,0.0,0.34710506725031165,0.408248290463863,0.0,0.0,0.588348405414552,0.3646624787447363,0.35355339059327373,0.2013468165642073,0.1692997943949301,0.4423258684646914
2437807,0.25327787624014125,0.350409049308977,0.24371675004503718,0.17211942183201726,0.5394020821172684,0.40555820610038734,0.8307008988862538,0.4889995623814928,0.07024664382495784,0.3271505901435158,0.9999999999999998,0.0,0.11258023908594307,0.3424168747193895,0.25327787624014125,0.3446675332911852,0.5338988875287972,0.0,0.0,0.26656519536175943,0.20249634244284662,0.3271505901435158,0.2084499617861807,0.2277442057211912,0.46468569220508005,0.25327787624014125,0.622262495737369,0.08703398104325082,0.6863804945685117,0.34387464626607916,0.2669783232830301,0.6123324950498349,0.24371675004503718,0.3271505901435158,0.25327787624014125,0.2669783232830301,0.0,0.0,0.0,0.25327787624014125,0.4224940651608252,0.6313947609347691,0.2984908396898851,0.3271505901435158,0.6167434999706979,0.4295596107204304,0.03862451402349992,0.46583014159293124,0.5584194421408284,0.0,0.4997057433153879,0.5958396685277738,0.0,0.47480147473540535,0.7002048618412919,0.7290432292751633,0.396964065338737,0.0,0.31378531568298534,0.592506311060037,0.3891800505803921,0.618346297383081,0.687973572543109,0.3271505901435158,0.25327787624014125,0.4810984318856126,0.34137370655636673,0.3224846740370033,0.6884471561718447,0.23573914737934143,0.3424168747193894,0.2060209678323133,0.0,0.6659641751709446,0.677638516980203,0.5718736376295925,0.32168969773843953,0.0,0.7814363884399693,0.5083846116044981,0.3446675332911852,0.6319740279425347,0.8177924300498901,0.420872083962738,0.46943688510599463,0.25327787624014125,0.12934603053228352,0.4842794848635888,0.3870267176745771,0.23695892913768984,0.6516627789919096,0.3446675332911852,0.0,0.0,0.47809182771565406,0.4833555763755466,0.17909450381393105,0.5269658388999892,0.17628400197476637,0.5477088543461975
2437806,0.0,0.0,0.0,0.0,0.0,0.0,0.0,0.0,0.0,0.0,0.0,0.0,0.0,0.0,0.0,0.0,0.0,0.0,0.0,0.0,0.0,0.0,0.0,0.0,0.0,0.0,0.0,0.0,0.0,0.0,0.0,0.0,0.0,0.0,0.0,0.0,0.0,0.0,0.0,0.0,0.0,0.0,0.0,0.0,0.0,0.0,0.0,0.0,0.0,0.0,0.0,0.0,0.0,0.0,0.0,0.0,0.0,0.0,0.0,0.0,0.0,0.0,0.0,0.0,0.0,0.0,0.0,0.0,0.0,0.0,0.0,0.0,0.0,0.0,0.0,0.0,0.0,0.0,0.0,0.0,0.0,0.0,0.0,0.0,0.0,0.0,0.0,0.0,0.0,0.0,0.0,0.0,0.0,0.0,0.0,0.0,0.0,0.0,0.0,0.0
2437805,0.057353933467640436,0.03627381250550058,0.0331133089266261,0.6236139383217217,0.08252691143705788,0.0528982894991617,0.2406517589551622,0.03832120871781036,0.015907119074394446,0.17206180040292132,0.11258023908594307,0.0,1.0,0.03478392380269825,0.057353933467640436,0.046829290579084706,0.03401793604864126,0.0,0.0,0.2317931624863827,0.1711905958155815,0.17206180040292132,0.029617443887954616,0.013010831389459727,0.03344949327077479,0.057353933467640436,0.09988768948849236,0.3529890592030657,0.08412202337350724,0.04918059221028961,0.03627381250550058,0.09062239728505299,0.0331133089266261,0.17206180040292132,0.057353933467640436,0.03627381250550058,0.0,0.0,0.0,0.057353933467640436,0.27242304006878365,0.07679493981023176,0.040555355282690636,0.17206180040292132,0.10218988991416096,0.06917144638660747,0.008746392856766495,0.05775642214923893,0.05288224793532575,0.0,0.024792290685394274,0.11822373213866551,0.0,0.09342004700040858,0.09158646312270897,0.163738875386147,0.07213153524175808,0.0,0.0662266178532522,0.12092192390812814,0.04690777716513387,0.057797970548360396,0.08274288037841213,0.17206180040292132,0.057353933467640436,0.08585369939498862,0.16599789545870772,0.01693346849025749,0.1277496990729756,0.005581116585045722,0.04347990475337281,0.002584839536935945,0.0,0.11838926601105423,0.146943671674129,0.08780221394139849,0.06243905410544627,0.0,0.062333623130675926,0.07804881763180783,0.046829290579084706,0.10471347707292387,0.13020281473560355,0.06488856845230502,0.09673016668133488,0.057353933467640436,0.05407380704358751,0.47384924497243924,0.06748819059987714,0.046829290579084706,0.11148390922678933,0.046829290579084706,0.0,0.0,0.1124803176664619,0.06692744814102546,0.040555355282690636,0.10008294331658783,0.05826005486287216,0.0845637614364673
2437804,0.37904902178945166,0.3835706411883073,0.39391929857916774,0.037046566700654676,0.3794197299678213,0.20509978927331726,0.2799199682103469,0.34443738185107076,0.18923271008903103,0.30323921743156135,0.3424168747193895,0.0,0.03478392380269825,0.9999999999999998,0.37904902178945166,0.5570860145311557,0.19545809039386636,0.0,0.0,0.17507524381296344,0.12930163676704717,0.30323921743156135,0.0978700365857839,0.08000611057863019,0.09726898666417001,0.37904902178945166,0.15513579007679015,0.13064158588969935,0.22238314788761862,0.3250318546827149,0.4315169713368457,0.1818937626506149,0.39391929857916774,0.30323921743156135,0.37904902178945166,0.4315169713368457,0.0,0.0,0.0,0.37904902178945166,0.1800429030891876,0.40602685888836876,0.48245064067700766,0.30323921743156135,0.45924984246809436,0.38857777275012023,0.11560886781772739,0.10178907934921708,0.21746411288782497,0.0,0.19396403662409245,0.019533355129314256,0.0,0.5106131038078368,0.47481633492953873,0.19752095981641898,0.20513121495531333,0.0,0.26261286571944514,0.3196665630344963,0.2445641890502652,0.18553491020915408,0.2187372755186832,0.30323921743156135,0.30323921743156135,0.30949223029508643,0.32266795527598596,0.04476494830371863,0.24049495563310355,0.01967215758152486,0.1379310344827586,0.009110967298158149,0.0,0.4694569257103907,0.14567140814584595,0.08332226340231659,0.433289122413121,0.0,0.49651963138709077,0.5158203838251441,0.5570860145311557,0.4567501391955698,0.3777609528553164,0.45028726463187385,0.36758853113879447,0.3411441196105065,0.0,0.19062179931605452,0.3865556717425342,0.0,0.40523509549412884,0.5570860145311557,0.0,0.0,0.5054958784325447,0.4423198587248289,0.21442250696755896,0.18316875326179907,0.08556389527273807,0.5588772925123698
2437803,0.9999999999999998,0.3162277660168379,0.5773502691896258,0.06108472217815261,0.4379278729628981,0.21520641166547097,0.1678362716593378,0.23385358667337128,0.8320502943378437,0.4999999999999999,0.25327787624014125,0.0,0.057353933467640436,0.37904902178945166,0.9999999999999998,0.816496580927726,0.1513068831672006,0.0,0.0,0.14433756729740646,0.21320071635561041,0.4999999999999999,0.2581988897471611,0.06411023387611511,0.11664236870396084,0.9999999999999998,0.16327512906904054,0.12309149097933274,0.2291746242570528,0.42874646285627205,0.6324555320336758,0.2340822943922611,0.5773502691896258,0.4999999999999999,0.9999999999999998,0.6324555320336758,0.0,0.0,0.0,0.9999999999999998,0.25445667890399126,0.31242528987421625,0.7071067811865475,0.4999999999999999,0.5345224838248487,0.45226701686664533,0.5337449961641162,0.1678362716593378,0.23904572186687872,0.0,0.13435367905729312,0.032207831320041534,0.0,0.4402254531628118,0.4347020162235988,0.13000869641607246,0.09527699174583822,0.0,0.8660254037844387,0.5856516070822727,0.25558282541117916,0.16195854391845627,0.22541740866685805,0.4999999999999999,0.4999999999999999,0.47628967220784013,0.4256282653793742,0.04374001654083713,0.47247711494397887,0.027030581318147916,0.22742941307367096,0.015022739102363004,0.0,0.5897678246195885,0.1601281538050871,0.13738701759630043,0.6804138174397717,0.0,0.28600627790670086,0.5443310539518172,0.816496580927726,0.45643546458763834,0.3007966831464335,0.7071067811865475,0.3162277660168379,0.7499999999999999,0.0,0.22450662753346862,0.588348405414552,0.0,0.3818155739753428,0.816496580927726,0.0,0.0,0.588348405414552,0.3646624787447363,0.35355339059327373,0.6040404496926219,0.3950328535881702,0.5897678246195885
2437802,0.816496580927726,0.5163977794943223,0.7071067811865477,0.04987546680538166,0.510809444238797,0.2761240417863428,0.27407548393101266,0.3000495990744895,0.6793662204867575,0.408248290463863,0.3446675332911852,0.0,0.046829290579084706,0.5570860145311557,0.816496580927726,1.0000000000000002,0.25202476766477444,0.0,0.0,0.2357022603955159,0.17407765595569785,0.408248290463863,0.21081851067789198,0.10469157352464975,0.09523809523809525,0.816496580927726,0.14220115694443178,0.10050378152592122,0.29939247542604797,0.4900980294098035,0.7745966692414835,0.19112739302699866,0.7071067811865477,0.408248290463863,0.816496580927726,0.7745966692414835,0.0,0.0,0.0,0.816496580927726,0.24239017637255536,0.49196734902832756,0.8660254037844388,0.408248290463863,0.727392967453308,0.6154574548966637,0.43580096445528327,0.13703774196550633,0.29277002188456,0.0,0.1717032828292292,0.02629758415191085,0.0,0.7009130258223498,0.5360208273000582,0.23829963617561895,0.0777933380015561,0.0,0.7071067811865477,0.4781825347975037,0.2596937816256943,0.2497840172382992,0.29448406953292416,0.408248290463863,0.408248290463863,0.5,0.48653363279984113,0.04017777069973017,0.38577594891835504,0.026484452672107972,0.18569533817705186,0.012266015113248652,0.0,0.7223151185146154,0.19611613513818402,0.11217603013123666,0.6666666666666669,0.0,0.4670462960693726,0.7777777777777779,1.0000000000000002,0.6708203932499369,0.4494933574399238,0.692820323027551,0.4303314829119353,0.6123724356957946,0.0,0.2566324512873683,0.6405126152203486,0.0,0.5668202012651359,1.0000000000000002,0.0,0.0,0.8006407690254358,0.5954913341754137,0.2886751345948129,0.493196961916072,0.322542974308864,0.8427009716003846
2437801,0.1513068831672006,0.20287313562300247,0.20266840176623757,0.043624783711418244,0.45852959044960073,0.23184294507330325,0.3646690859934757,0.5709911329329175,0.041964978891537004,0.1513068831672006,0.5338988875287972,0.0,0.03401793604864126,0.19545809039386636,0.1513068831672006,0.25202476766477444,1.0,0.0,0.0,0.11705847343394757,0.06451747176156365,0.1513068831672006,0.07969722925954421,0.5479934433371202,0.5125209560913899,0.1513068831672006,0.630989722962683,0.07747829375306353,0.4616028930719098,0.2148570276719217,0.1990453406112477,0.38712160769448284,0.20266840176623757,0.1513068831672006,0.1513068831672006,0.22201211068177631,0.0,0.04236592728681617,0.0,0.1513068831672006,0.48665323390354676,0.35332515804678666,0.2482170856563295,0.1513068831672006,0.29762710611800797,0.21532990123753448,0.023074083364480538,0.4662482185821875,0.693003081190109,0.0,0.888944755042861,0.14736758109525938,0.0,0.3082671055149443,0.7093863311667032,0.8638632224933034,0.3016994011753877,0.0,0.11531133203941103,0.24291809767889644,0.7754225416902766,0.45634579556485844,0.4584008421486064,0.1513068831672006,0.15735915849388862,0.2767330782201445,0.21329441036863928,0.357050032635073,0.35090905738385125,0.2696725041908659,0.44872772865070726,0.21893958172607525,0.04236592728681617,0.3087563224207959,0.20739589031788364,0.6478604465451913,0.20754980866510836,0.0,0.5312404440152441,0.2816747403312184,0.25202476766477444,0.30497703030062606,0.7053252112207776,0.38516444325982163,0.26156599246990886,0.1724898468106087,0.03994297930101854,0.6658002020243877,0.2397636668641736,0.04447495899966608,0.2920077853659554,0.25202476766477444,0.04236592728681617,0.0,0.265876541473143,0.34164943947019283,0.13694735760349214,0.31115082647300946,0.038936660800332056,0.3158951969276351
2437799,0.0,0.0,0.0,0.0,0.0,0.0,0.0,0.0,0.0,0.0,0.0,0.0,0.0,0.0,0.0,0.0,0.0,0.0,0.0,0.0,0.0,0.0,0.0,0.0,0.0,0.0,0.0,0.0,0.0,0.0,0.0,0.0,0.0,0.0,0.0,0.0,0.0,0.0,0.0,0.0,0.0,0.0,0.0,0.0,0.0,0.0,0.0,0.0,0.0,0.0,0.0,0.0,0.0,0.0,0.0,0.0,0.0,0.0,0.0,0.0,0.0,0.0,0.0,0.0,0.0,0.0,0.0,0.0,0.0,0.0,0.0,0.0,0.0,0.0,0.0,0.0,0.0,0.0,0.0,0.0,0.0,0.0,0.0,0.0,0.0,0.0,0.0,0.0,0.0,0.0,0.0,0.0,0.0,0.0,0.0,0.0,0.0,0.0,0.0,0.0
2437798,0.0,0.0,0.0,0.0,0.0,0.0,0.0,0.0,0.0,0.0,0.0,0.0,0.0,0.0,0.0,0.0,0.0,0.0,0.0,0.0,0.0,0.0,0.0,0.0,0.0,0.0,0.0,0.0,0.0,0.0,0.0,0.0,0.0,0.0,0.0,0.0,0.0,0.0,0.0,0.0,0.0,0.0,0.0,0.0,0.0,0.0,0.0,0.0,0.0,0.0,0.0,0.0,0.0,0.0,0.0,0.0,0.0,0.0,0.0,0.0,0.0,0.0,0.0,0.0,0.0,0.0,0.0,0.0,0.0,0.0,0.0,0.0,0.0,0.0,0.0,0.0,0.0,0.0,0.0,0.0,0.0,0.0,0.0,0.0,0.0,0.0,0.0,0.0,0.0,0.0,0.0,0.0,0.0,0.0,0.0,0.0,0.0,0.0,0.0,0.0
2437796,0.14433756729740646,0.36514837167011077,0.25000000000000006,0.6524446946692035,0.23477793424500024,0.4703730303170596,0.3391511081780565,0.1060835530989382,0.04003203845127179,0.14433756729740646,0.26656519536175943,0.0,0.2317931624863827,0.17507524381296344,0.14433756729740646,0.2357022603955159,0.11705847343394757,0.0,0.0,1.0000000000000002,0.061545745489666376,0.14433756729740646,0.14907119849998599,0.0726045038498243,0.033671751485073696,0.14433756729740646,0.16968049149596665,0.10660035817780525,0.2778594651131057,0.3713053286162529,0.18257418583505539,0.17738106182986507,0.25000000000000006,0.14433756729740646,0.14433756729740646,0.2738612787525831,0.0,0.14433756729740646,0.0,0.14433756729740646,0.244851053437196,0.2770103387161644,0.3061862178478973,0.14433756729740646,0.3600411499115478,0.26111648393354675,0.022011272658140596,0.16957555408902822,0.11829695303011789,0.0,0.08600056024538226,0.1580592007024404,0.0,0.3367676761511687,0.23560948979311275,0.2343727560926572,0.23103442669455737,0.0,0.1666666666666667,0.32685524256694426,0.13444429633571037,0.24935149047701485,0.2733040833050607,0.14433756729740646,0.14433756729740646,0.37319524562623346,0.3931785497463923,0.10890490077315997,0.22407321994547902,0.023409170100577158,0.153190838336343,0.047703603555931395,0.14433756729740646,0.29793978576556207,0.20801257358446093,0.16430660829850954,0.19641855032959657,0.0,0.23943241223206718,0.39283710065919314,0.2357022603955159,0.3689323936863109,0.2801577628641107,0.24494897427831785,0.33471934069760156,0.21650635094610968,0.408248290463863,0.2203522351302154,0.33968311024337877,0.11785113019775795,0.37074222742599366,0.2357022603955159,0.14433756729740646,0.0,0.3396831102433788,0.2736993743466186,0.20412414523193154,0.17437145811572896,0.08145440155638434,0.42562826537937437
2437795,0.21320071635561041,0.13483997249264842,0.12309149097933275,0.10418645221412466,0.1867330724555573,0.11798270005216838,0.1789140667411283,0.0997155044021832,0.059131239598908265,0.8528028654224417,0.20249634244284662,0.0,0.1711905958155815,0.12930163676704717,0.21320071635561041,0.17407765595569785,0.06451747176156365,0.0,0.0,0.061545745489666376,1.0,0.8528028654224417,0.05504818825631803,0.027336695576226935,0.04973647313019938,0.21320071635561041,0.08818628201745464,0.052486388108147805,0.15635262099882086,0.14625448482542613,0.13483997249264842,0.03742988463794622,0.2461829819586655,0.8528028654224417,0.21320071635561041,0.13483997249264842,0.0,0.0,0.0,0.21320071635561041,0.12658414118886782,0.12370297755918543,0.15075567228888181,0.8528028654224417,0.15194743527951723,0.3214121732666125,0.26010243550494205,0.1789140667411283,0.13105213494110374,0.0,0.06476102748875595,0.013733465419387044,0.0,0.2064840403390264,0.2685793252843699,0.05543589441673147,0.1300039865114899,0.0,0.12309149097933275,0.2330745053742094,0.15257323610439208,0.06905935516665294,0.1537892896217585,0.8528028654224417,0.21320071635561041,0.2321035412742638,0.14519080172812554,0.02331350714978182,0.1295131620441708,0.01383105432129052,0.22627786434233255,0.006405717476494465,0.0,0.25147784538477264,0.1706971854997297,0.08368860162712032,0.2321035412742638,0.0,0.12195348666382085,0.17407765595569782,0.17407765595569785,0.1556997888323046,0.21054022430967448,0.30151134457776363,0.40451991747794525,0.3198010745334156,0.30151134457776363,0.07658395810674837,0.16724840200141816,0.0,0.17760731757222908,0.17407765595569785,0.0,0.0,0.41812100500354543,0.1554926033927807,0.30151134457776363,0.08585457105482137,0.4090748243637088,0.18860838403857946
2437794,0.4999999999999999,0.3162277660168379,0.2886751345948129,0.12216944435630522,0.4379278729628981,0.21520641166547097,0.2517544074890067,0.23385358667337128,0.1386750490563073,0.9999999999999998,0.3271505901435158,0.0,0.17206180040292132,0.30323921743156135,0.4999999999999999,0.408248290463863,0.1513068831672006,0.0,0.0,0.14433756729740646,0.8528028654224417,0.9999999999999998,0.12909944487358055,0.06411023387611511,0.11664236870396084,0.4999999999999999,0.15239012046443784,0.12309149097933274,0.27500954910846337,0.34299717028501764,0.3162277660168379,0.08778086039709791,0.2886751345948129,0.9999999999999998,0.4999999999999999,0.3162277660168379,0.0,0.0,0.0,0.4999999999999999,0.25445667890399126,0.29010919774034366,0.35355339059327373,0.9999999999999998,0.3563483225498991,0.3015113445777636,0.07624928516630232,0.2517544074890067,0.23904572186687872,0.0,0.13435367905729312,0.032207831320041534,0.0,0.4402254531628118,0.4879308345366925,0.13000869641607246,0.15244318679334115,0.0,0.2886751345948129,0.5075647261379697,0.2726216804385911,0.16195854391845627,0.2705008904002297,0.9999999999999998,0.4999999999999999,0.3402069087198858,0.3405026123034994,0.04374001654083713,0.3037352881782721,0.027030581318147916,0.22742941307367096,0.015022739102363004,0.0,0.4423258684646914,0.24019223070763066,0.13738701759630043,0.5443310539518174,0.0,0.28600627790670086,0.40824829046386296,0.408248290463863,0.36514837167011066,0.3575507743061379,0.565685424949238,0.42163702135578385,0.4999999999999999,0.2357022603955158,0.17960530202677488,0.39223227027636803,0.0,0.34710506725031165,0.408248290463863,0.0,0.0,0.588348405414552,0.3646624787447363,0.35355339059327373,0.2013468165642073,0.1692997943949301,0.4423258684646914
2437793,0.2581988897471611,0.0816496580927726,0.37267799624996495,0.06308802978765117,0.33114086529447145,0.3889623959094658,0.04333513900174394,0.0948840144095737,0.21483446221182986,0.12909944487358055,0.2084499617861807,0.0,0.029617443887954616,0.0978700365857839,0.2581988897471611,0.21081851067789198,0.07969722925954421,0.0,0.0,0.14907119849998599,0.05504818825631803,0.12909944487358055,0.9999999999999998,0.08149263364058466,0.04517539514526256,0.2581988897471611,0.3147756792988319,0.03178208630818641,0.13017979379106648,0.3763863263545405,0.2449489742783178,0.1057696299127124,0.37267799624996495,0.12909944487358055,0.2581988897471611,0.40824829046386296,0.0,0.38729833462074165,0.0,0.2581988897471611,0.2628017279270417,0.10947781403676389,0.4564354645876384,0.12909944487358055,0.13801311186847082,0.11677484162422842,0.13781236541767758,0.10833784750435986,0.22043335708870274,0.0,0.06334690313798516,0.008316026287998568,0.0,0.13071558173184072,0.15117983970093576,0.0698764552929546,0.1279221501335693,0.0,0.223606797749979,0.19153848665455905,0.11291827856644203,0.05111029760810385,0.22116959366036643,0.12909944487358055,0.12909944487358055,0.1756820922315766,0.37364893492427925,0.02964576223446235,0.14813443790436515,0.0069792660855661475,0.31318411707450855,0.0038788545571913917,0.38729833462074165,0.1522773975253762,0.04134491152973614,0.06587875433107142,0.17568209223157663,0.0,0.2510781116151758,0.14054567378526128,0.21081851067789198,0.1178511301977579,0.16412304525170238,0.29211869733608864,0.21773242158072692,0.3872983346207416,0.3651483716701107,0.05796736197002103,0.35445877847928337,0.10540925533894599,0.107546571587573,0.21081851067789198,0.38729833462074165,0.0,0.20254787341673333,0.09415544714433866,0.3651483716701107,0.1559625734730109,0.1019970442101184,0.1522773975253762
2437792,0.06411023387611511,0.08109374414984355,0.1053477114683725,0.025906876996807975,0.17493294822140026,0.1634405954662292,0.16967727991845724,0.3713504168674014,0.017780979655563196,0.06411023387611511,0.2277442057211912,0.0,0.013010831389459727,0.08000611057863019,0.06411023387611511,0.10469157352464975,0.5479934433371202,0.0,0.0,0.0726045038498243,0.027336695576226935,0.06411023387611511,0.08149263364058466,1.0000000000000004,0.24332162418091666,0.06411023387611511,0.25068576071431575,0.08377050384065951,0.2522578716261993,0.12094295843199988,0.13723556702281217,0.041846639283905696,0.1053477114683725,0.06411023387611511,0.06411023387611511,0.11540263590554659,0.0,0.0542471209720974,0.0,0.06411023387611511,0.28610978466610504,0.0990477613317811,0.1290240693337301,0.06411023387611511,0.144102853277146,0.07731985126872944,0.009776719009796476,0.33687147769176634,0.3299144825205048,0.0,0.4524507676336059,0.05178012470260978,0.0,0.11897061772882056,0.3368761837270887,0.5110058294219118,0.09754373803606518,0.0,0.03701406078618493,0.09704264510760746,0.40187827549627764,0.2433396132760622,0.2476775530364526,0.06411023387611511,0.06411023387611511,0.1476419626629676,0.12006336160613026,0.14991592074414292,0.13214698330821684,0.050601757191323274,0.22655935986284995,0.04534031739962764,0.0542471209720974,0.12361011612932325,0.07817842197452862,0.32715108510094265,0.08724297793720812,0.0,0.2317379380721736,0.1315355667360984,0.10469157352464975,0.14766148427652148,0.3944713346528581,0.10600896507419987,0.17882210248427038,0.0912337943621638,0.0511446761322894,0.326835730143277,0.18956292715041537,0.07247878167091137,0.1393379342413519,0.10469157352464975,0.0542471209720974,0.0,0.1547452466534003,0.12444606911025292,0.08369128821647356,0.1323937589758213,0.007235899609224781,0.14542366603449797
